10010111001011011110
01011001101001011100
01111110001000010101
10011001111010000110
10100010100000010010
00111111000011011101
11111010111100010110
01001001000100100101
00001001010100111011
01111010101010101101
00111110101010111101
11001100010110010111
01010011111011010101
11011001011011010011
00010111110001101100
11101111010000001110
10101001001100110101
01110010011110001011
11110011000110000000
10000001101110011101
10111011000101111001
00000100000011001001
00001011100111010001
10101011010001100111
00111111110010110001
01110110111110110011
01000111010100010001
11010100010010100011
00111011010011110001
11010110010100010101
11100111101111011001
11001111100000001000
11001000110100101111
10101000011010000111
01111011110100110001
10110001111000000110
10110111110100000000
01001000001110100011
01101010110111010110
10001101001000101000
00010000101010110010
10111111011001000111
11011011100010111101
00010100000010011100
11100011001100011111
11110101111000101101
11101110100000100111
11110101001100100010
10010001010110111101
00111000110111001110
01000111101000001001
10011101011110111011
01011011010011110000
10101000100110010001
11110100111101111001
00101010001101000110
01110100101010110010
11110001101010111111
01001110010110101111
00111111100110010010
00110010001010011100
01000000110100001011
10000100001100000010
01101111000101010011
11101100110111111001
01000101111110101000
01100110100001110100
11101111101011001001
00101110000010011001
00110101100011110011
10110000110110101111
01001110011101010011
00000000010010101101
00111101000001110110
11000011111101110110
10100010000101001100
11011101100011010010
00001111010111101110
01111011010011110010
01011110100000010110
01100101011010100010
10000001011111100010
01011100000000011001
00011010010001001001
10111000011111001000
11000001101001001100
01011001111110101100
11101101010010011100
10101100010001101011
11001110001010001100
01011110111101101101
01110010000111001000
10100101111100111111
10010111000110010011
10101010110001100100
00010010000011001010
11101101000111011000
10101101000001010111
01010110111000100110
01001111001011001111
10101001001000101001
01001010001011000111
00011110110010001110
10100100100010101101
10101100101100110010
01010000100011101010
00101101011110100100
00110010010100010011
11011000100111100001
01000010001010010010
10000110010000101011
11010000011110000101
11001101101111010001
00001101111001100110
01110011000001110110
00111000011011001010
01110011101011001011
01010010010101010110
00110101010110001000
11101001110101101111
10001100011111001001
10110001111011111101
11100111010000100101
11011100100000100000
01011011011110000111
00000010010101001000
00110000000000000111
10101101011011011001
00011000010111111001
10001000100110101110
11110100111110000011
10100010010100011111
01101110101100011111
00010100000101110010
11111111110111101011
01101101011100101010
00000011000000111110
01110100001010010100
01111011101001000000
11001111100011111100
10011100100101111110
01110010110101100100
00001000111010101001
01111110011101101011
00111111101000111000
01000000011001100110
00001001001100100010
10100100000111001011
11111001110101100011
01010101111110011100
01111101111010101110
11100010101001010010
10010111110000110100
01110101111101001100
10111111010101010100
10111000001111100001
00010110011110111101
10001011111110111000
01010111011000110011
10111011001010000010
01101011110001010101
10110011110101010011
11111011110100011001
10000000111011001101
11010111010001000101
01011001000111101011
00100000110010101111
00100001110000011110
10000011011000001011
00101000011000000000
00110110111111001010
01001110001000111111
00001111001111111111
10001110100110110000
10100111110110110111
01110101010110010101
11010000000000101001
10111101110011110100
10011001111110010101
11101111110001010101
01000110111011001100
00101000101100010111
11101100001110000010
10101010111010100111
00011100010100010110
11100010101010110110
00110111101000101001
10101001011111001111
01000101110001100111
11011111010100111001
00010011010101100011
01010000000110001011
10101001100101101100
00111010010011010100
01000100010100010001
00000011001011001110
01101000000110101010
01000111101001101100
01100001000010100000
10011110101010000110
11110111001100000011
10000001001101111011
10011101011101000110
11001100011100110100
10111100001001111101
10111001011111111111
11010010001111000100
01001100111000011011
11000110011101111110
11100001011111000111
00010111110111111110
11010011010000000100
10101101101111001010
10011100100010000011
01100100010011010011
11100110010101101111
11000000010011111000
10100011001111000011
11111011111101110010
10100000011011100111
11000010100010010101
10110110011100100111
11100000011001100001
00101111001001100010
10010010100110001110
01000110101111010001
00011000010111010100
11111001000110101111
11001111000011100010
10000110100000010010
00111000100000010011
11100000011110111110
00011100101101111100
01100001001110001101
10001111011110011000
10101011110111110001
01010110000110000111
11110001100001001111
10000101001100011100
11101110001000010110
01001011100111110010
11000110111101100110
11110100001100111111
01010110101000110000
11110100001111001110
00110001101001001100
01101001011010101001
01001010010010110100
10110100100000011001
10011101100001011000
00100000001110000101
10000001100111011101
11100010111110111110
01010110011101011110
10001100110110101001
10101011100110100010
01001101111110010010
11110100010100100100
01100001000110110100
01100010010110010111
11101001110100001001
01111110001010111110
01000111011000100001
01100010011010110010
00011011100001010010
00010000101001000111
00100010100111100010
00010010010110101000
11011111110010111100
00100101000000110110
01010010110110011011
11110110001000000100
01001001010110111001
11011011000110110101
11001100001110010011
01001010001010000110
10010111101011110110
11011101010010001101
11111011010100000011
01110001100100110010
11001100001011001111
01101000011000000100
10111011110100100111
11111011000100100111
00010011010100001001
11111001111101010000
01111100001101101101
11111011111100100101
10001001101011010101
10100001110101111110
01100010110111100001
10110011010000110010
00101110111100101100
01110000001101000100
10011001111010110001
11101110011001110011
00010011000111010111
10110110000001011001
00100111111010100111
10001010101101111100
01110101010010101110
11100110011010001010
01000111001011000110
10101001101110010110
00111100011110010101
10110110101110111110
10011100010011011001
01001011011111010111
01011010111100001101
01101110100101111001
01010111000100011101
01000000101100101010
10010010111010111100
11010101010000110001
00111010011110110101
11101001000000011100
00110111100011100110
10101101101111110101
11000111100011101110
00011010000110000111
11001111100111100110
11100111111110001101
00110100010100011011
10000010111101100110
01011011100000011111
11100000111011000111
10101011000000000010
00111100001001000110
01010010111010010010
11110100111010111100
00110110001110100111
11111101010011101111
10011101101011110000
00010001110101110110
10010010100101110101
11110011101110000001
01110001010101011011
10010111111011101110
11101011000111001111
11100000010110110101
01010110111010101101
01001010011010000101
11010111010101100100
10100101100100010100
11011001110010101111
00011001000100111111
01001111110111000100
00001111100000001010
10001110000010000011
01110011010110011010
00011101100010100101
00001111111010001010
00100111010111100100
11111111010001110001
10110000001010111111
01010001101110011000
11000100011110001010
11101001011110011110
11100001100011111100
00000110010000010101
10010110101001011010
10010101011001101010
10110101101000011101
10010001100001111000
00110001111110010111
10101110101001111111
10001101100001011000
00000011011111111000
00100000010001100110
00100110100010100101
10010110111000000010
01010110100000111101
01100010000101001010
01111111011000000011
01001101000111110010
10100001010011010101
10010111100101111110
11011101110101010000
00110010000100111111
10011001001111011111
00100010001111000001
10111010010011010000
10100111010000010100
01010111101000100011
10011011111000111111
10111001001001111111
11101111010110100111
11100100011101100110
00000100000011001000
00001011011111110001
01100000110111001111
11000001011101111011
10001001000011001101
11011001000011110101
01111000100001000110
10111001010011000001
11000100011001111011
00011010101000111101
11011110000000100100
00000110110010100010
11011000000111101100
01001011100111000110
11110111011100101001
10001111000000101011
01010010111011111001
11011010010111000101
00100011101100010001
01001001010110111111
00000100001000111101
11001001110010100110
01001110101010100100
00001001111110000111
10001011110001011100
10000000010001111111
11111010101001010100
11110010111011001100
11011111010101111111
01010001111010001101
11110000110000000011
11001110000111110101
10001011011010101010
11001101101111001000
01011011100000010000
10001111111100000001
10011000110011100001
11100011100011100001
11000111001010101110
10001001011111001010
00001100111001110010
10001111101010001111
00100000010001100011
11001001110001100101
11011101011101100011
01101110001001011000
00011011001101110111
11111010101101101000
11110110000010010101
11101000001000101111
11011000110101110100
01101111001001101011
11001001000001110010
10000011101100110101
00100100111110011110
11101110101101110100
01000001100110101110
10001110111011101101
10111110001110011101
11111011010001111101
01110110111001110110
01011000100001100101
01111111100000111101
10110110001001011100
00001101110001000000
00100100110101011010
11110110101100010010
11111111001100100111
11110110000010110100
00100110000101101011
00100110000000111001
10110001010111100111
00000100000111110101
11001001001001111010
10001100111010101001
01001010010110010110
01011100100010000011
10111101100010110110
01010101010011111010
01000010011011011001
01101111100111011100
01111111000010011101
00101101100111111000
11000100101110010001
01101010101011111110
01001010001110101111
00000001100010011110
00111100100110010010
01010110100110100011
11100010010011001100
01010000110010010000
11110110101101000001
01111111010001110110
10100000010111001011
10101110010001111110
11101000100000101000
00110000011111010111
01011111010001111100
10111000101101000010
10101101111111111111
00100100101100000111
01011100110101001011
10111101111100010101
11110100011000010011
11101101111011001000
00001001011010100001
00011010100101111110
10101100010010000111
10001011101111100000
11111110110011111001
00011100011100111101
00001111110010100010
10000100001011100010
10000011000010100100
00110001001001111010
11001101110101100111
00100001110100000111
11111001011100111011
11111110110011000001
01010000011100100101
11000111101001101100
10011101111000111001
11111101001010101101
11010101011110000000
11000011011111010100
01010000101000101001
01111001110010001000
10111110000001110010
10010110101000000000
01101111111110001101
01100111111010001011
11001111110110000110
10001101011111011100
10101101011100101001
01111000011110011100
10110101111110101111
00000000100000011101
00111000001101010000
10111000010011010110
10000100101011001111
11010101010010001111
10010111011000110000
10111111000011110111
01110100111010010100
00111100001111010111
01101011100101101011
00101010111001101011
00010001011000100000
01111010111110111001
01010111001000111100
01110111011011101111
11000011101101101001
01001101101111111110
11010101101101101010
00010110110000011001
00111011110100110111
01110100010111010001
00101011010000110100
00100110000011100110
01011000010101101101
10000100100111010100
00010011101110111010
00001001100000101100
10100110011011101101
00011000101001100000
11101011011101010001
10011100111111101010
00100000010010111001
11010010111001011010
01010010011000011111
10100011000100111011
11000001011000000101
00011100010011111100
10010001001010100001
01110001110110001111
11010010001011101001
10000100000000100111
00000001001100110111
00100101110101101101
10000111110011001110
00011110110010100010
01011110011001111100
10101011110100101111
00010011110001100101
00111011001011110011
00011000100111000110
00110110000000000010
11101011000011010100
00111000110010100001
10111110110100110110
00110001100000110111
00111000100001010001
01011010110010100100
01100110001100000001
10101011000011001010
11111011000110000000
10010111011001000110
00010011111000100111
01001001001000110100
11010111011011101011
01011000100100100001
01010101011011100100
01100000111100101100
10000010000011010101
00100110100100001101
11011001001100001101
01001011100111000110
01011011000010111000
01001101000110010010
01000001010111000111
00000010001100010011
00111110011010011001
11110000101100010010
01111010110010110000
01110001101111110011
00100111001111000011
11101011011100111100
10110100001110111110
10110100010011001001
10001000010110011100
01100101001110000011
11101001111101010010
10100001001010110111
11110100001101111011
00001101111011011101
11000010010110001000
00111100001001010111
01001011100001111010
11011001010111010101
10110111011100010111
11000010010000110100
00100001010110101001
01110100011111101011
11011010000111001100
01100100110101001010
01101001111111000000
11100010000101100111
11101101110100010111
01011011011111100100
10010101000111010000
00111101100010011100
11001011100100111011
11100000111011100101
11101100010111000101
01011101111001110101
10000110010010001101
11010111100011110000
00111001100100011000
11101000101110001111
01001011100001010111
10011110011001100110
10001111010001100111
00010101000001000011
10001000110000010010
11100101111101001011
01011010101100100100
11110010100100100000
01101010110011011001
00010111010101000101
10000100101010100010
10001011101010101111
01111100101101011011
10001110010101000010
00100001010000110000
10100000111001101000
11000110011011000101
10011100101110111100
01000100010010100010
01101100001111101011
11110100010000111100
01101000110010010000
11101001000001000101
11001001100001101100
00011110000100011010
11110110100001100100
00101101010111101100
11000000011100110011
01011010100111101100
01100101110111101000
11000110010110001011
01100001010000011110
10010010100001001000
11000110111011101011
11110101010000111010
10100111000110100101
00111010101011110010
10110011000111100011
10000100010010101111
11101000011101001010
01000111110001000101
10100110000101100111
00010111000011110011
10011000100100011000
00110010010011001011
01111111010101101010
10011011110101101001
00100011000001100111
00100011111100000101
00100000101100001000
10001001101110001100
11010101110110100000
11010111010011011011
10110111100111000110
10000101101100011001
01000000001110011011
10010110011011111111
01111111000111110100
01100010010100101000
10001000101000001111
10000000010010010111
00001010000111111011
10010101001011111010
11100001111011100011
11100010110010010010
01100101100010101110
01111010011100111010
10111110001101101110
00110111100010101101
00101011101000111101
10100110100101100011
10011101010000110011
01011001011001101010
11110100001110000001
00111111110011011001
00000111110001011010
11111110011100101111
10010011101100010100
10110101011111001110
00001001001001110110
10011111100110010001
00111110100101010010
11111100001101000001
01010111001111011111
11000110111100011011
01110011100111010111
01110010001111001101
01010010110000010111
11010100101110101000
01111100010000010011
11101100011011110111
10101011111001110001
01110101100000111010
10001110111111100111
00001100010110110101
11111011011011000101
00001001001100011011
10010101000010101101
01000101111101000011
11110001001001001101
00010111000111000011
10110000111010111011
11111011110010000000
10010010100010100101
01011101000010110001
10000111011001001101
00110111011111001110
00110001101101010111
00000001000101001000
10011000001001100100
10100011100000111011
01010101101011111010
00000000101011100011
00000001000100011111
10111110110000000111
11010100011000101101
00101000101010001100
11010111010100110110
11111111010110110011
00000101111100000000
00011001001101101010
11001001110101011110
10000001000110111010
01101000111111101010
10100101011001101111
00100010100000111110
10100101010111000101
01011101111001000110
00000000000001110000
10101000100111110000
10011000001010001100
01011001011110110101
01010100011111000111
01101010100010001000
11101111101010010000
00100110110111001101
01101110111000111011
11101110011010010011
01010100111100010100
11100010110010110100
00111001000100011010
00111011111011101001
10100011010011001001
00011101111111101000
10011111001001011111
00011101001000100100
10011011110101110111
00100110000001011001
11110111100110000101
11111011000010101110
00011011100100110101
01101101101101110110
11100101000100110101
10110010100100000011
10010110010001011111
00111101110001110011
01111100100011000000
01000011110010100000
11000011111101110101
01111111100101100011
00000000100011111111
01000110001010110100
00000010001001111011
11010101011001000000
10110011111101010101
01011110100010011100
00011010110010111111
01011001011101100001
01011101010110011101
10110010100110011100
00001010000101100111
01111011110000001001
01100111101110110010
01110111001011100011
10111000110111011010
00011010001011111110
10000100100100101000
10011101100001100010
01010111001111000100
10011000010010110100
11101010010101101001
01110100011111000110
11000100011011000111
00111101110110100000
00101000111110110110
11101111000100110001
11010111101011101001
00000001000001010111
10000111110001100110
00111110001110011101
01100011010111110111
11111100110101010001
10111000100111001110
01001000101110011101
00111100111111000001
10001100100101001110
00011001011011101110
11000100010110111100
10001111110000011010
00111000010110010101
00011000100110100000
11110100110100111001
01011001011001100010
11011111110011001001
10001100110100100010
01010000100100101101
11001100000010001101
10000000111101101001
01011001110111001001
00100001011001000100
01100000110101101000
11001101011101101010
11100100110111001000
11101010101000100110
11101110011010001010
00101011011101001010
00100000000000110110
00010111010011011101
10000001010001001101
00001001000001110110
11010001001111010001
01111101011110101100
01011011000000111000
10110110000110100000
00100000010010101110
01111000111010100101
11111110110100100000
10010000010101011001
10001001010011011001
10100010001010000001
00111101011110100101
11101000111111010100
00001000011111011110
01100011101110000100
00001111010100010100
00010011101000101100
10011011011011010000
00011010111000010110
00110011001111001011
00100111010110100011
10000100111100010001
11011110011100111111
11010100111010100110
11001110110001000111
01011100100010100011
11000111000110110010
00111001011010001111
00110011011010000011
01101001001000010101
00100001100100010000
01000000001101111000
00001001110011110110
11000110101010001110
00011011101101111111
01111010111010010101
00000011010010100110
10010101000001100100
10101101000010110100
11100101001011000101
10101001010101010011
11110000100111100000
10001000110100010000
10100111111010110111
10010101001110011100
00110001001000011101
01111111100101110001
11111111011000000101
10101010111011011111
10011001000111110111
01001010000110101010
10100111001101110111
00110100100000010111
00110101000100111100
10111111101010111010
00110011110001011010
00100000110111110011
11010011100011000001
11101001111101110011
11110100010101011001
01011001001010000000
10010010111010100001
01000001011000101001
01100110001110100111
01101100010001111011
01001010101000011100
00010000101000000001
01010000010101111110
00101001011101010111
00011101110001001111
01011100001000011001
00110011011011001001
00010000111101101111
01010101111011101000
10011101001110101001
11110110110111110111
10101100101101001101
11010001101111100010
11111110100010101000
01100101001110110101
10111100001110100011
00001001101001010011
01000110000110010011
00001000101111011101
00001100110110011110
11001000000011100101
00101011110010101111
01111101011011011010
11111010001101110110
01100000010000100001
10010010101000111011
10000101010001101111
10011100100100010001
00100101010000010100
10101111010100101001
01010011111001110011
00100010100010100110
00111010000011110111
10000001111000110101
00111101001100010000
01000000001001100001
00010111111010111111
01111010101000101011
01111100101101110111
10110010111001110000
00001111000111100100
00011100111011001001
10110010101001101011
10111000100010111100
11101001010000101110
00110011110111110101
11100100010111000111
11011001010100011010
00101000111110011011
11100101111001011010
01010010101010101011
01000001000010001100
10110100110110111111
11010101111111100111
11000011101100111101
00001101111011010001
10100011101011001101
11101011001000011101
00111001000100000001
01110001011010111100
01011001001001001101
11110100110010000001
01110010001111101000
11100111010010101111
00110001010001111001
00001000011001011001
11001110101010000110
10011011001011110110
11011110000011110000
11101011010110000011
10111101110010101101
00011101010001110010
00110111000101011100
11010111000011111111
10110011111001011111
01101110110011011101
10000000011111101110
00110011001101010011
01010000111000101101
