001011011001101010011100
001100110110101000010100
101100100101110110100111
111001000111011000011111
111000101000000001101111
101110011010011001000010
111001001101111111000100
100101000011100111110010
101111010000011111111101
010101011111110111001010
110101011011000001110010
000100001110000101010110
010100100001111101101100
101000100010011111000011
110010011011100101011100
011111010110101111100100
100011100010001011110011
000001111101010101100010
100011110010100100100100
110100010000101001000000
111101111011011101101100
100110000010110100010100
000010011100001000100010
000110101011010010001100
001111011000101000110111
011010001110000000111001
111110100000100000010011
111110101001011110110101
001111110011100100011001
010111111011101110101011
000101110001101100101010
111010001101011010010000
110000100001101011001101
110111011010100110101011
011110100100001011001011
110101101000111111011100
000000001011000111010111
011101010101001101110001
100001100101111001100101
000001100000001101001001
010000101010110111111000
010100101010100000011110
000011001001000001010011
001010011110110011001001
000010100101111000010100
010001101010010100111000
110001010111011111001111
101111001101011101011001
111101000011000111110111
110011110100010100011100
000111001011000001101100
011100010000001010101001
010110101100101011000000
100101001101001011010010
000111101011100101001101
111000001110011100101011
111110100011111101011110
000111101100011000000111
110111111011111100010100
001010110010100100001000
001001101011111010111101
100100110100101110110010
111001100111010011101000
111111100001001001101011
100000011011101010011010
111110100101111101011001
101101100001010110100100
000011101000111011001000
011101100001100110110011
010100010101000101101011
100110110110011100010011
101100011110101001010001
010011110100110001000011
000001100011011000101100
111000110011111101101011
100001101101010010010000
101010001011011101101011
110111011001011011100110
101011000010000100011011
101101010011111001101101
010101110110001101011100
010101111111100000010000
000110001100010111110110
111001001101100100000000
111110010110101110010100
001110100001101111001011
000101101110001011010111
010010111101000001100100
011000010110101100011101
010101110100011001001000
110000000001000011101101
010000010000000011011101
011100101000111110101010
110100010111101110101111
110111111000101110011011
101101100111111001111011
100111010001111111100011
101110001101000100000111
110011111000111101010001
101101110100010001010000
001010000111001111000001
110000101110110000111011
011110010010100111010111
111100001011100110111101
100100101011000101000111
100101010110100000000001
011000100011100011001110
110111010010011101011100
001000010011100000111001
111100101101011010110001
010011010001001110011101
011101000110011101001001
111101111101011101011111
111100101010101011001000
101000100111101011111011
000101111110010110001010
101111011100001111010101
010110000011001010010010
101010110011000100110010
000101110111011000011001
000100010010000000100100
001110000111011100000001
011010111000010000010100
100011101010101000011100
001010100001101001011000
000100000110100001101100
010000001001100011010110
011011001101110100100100
100111001101111000000000
011101100110110101011100
000010110001001000001110
000100001010100111011100
000010000110111100101000
110010111010000110110001
100000101011000000001110
010101010000111100000000
111011111101111101011111
110101001000100001010101
111100110110100001101111
011111010001011010111110
110000010111100001111000
110111111010001001011100
000010000100011011010000
110100010011100010000001
001000001011100101100001
111101100010110000110011
010001110111000011100011
101110100000100011100111
000111000100000000111101
011110101111101100000010
100000100101010101100000
001100111001010100001000
010000110001101101111100
011000001110111000100010
010100111010000010110110
110100001000110101110001
110100001011100110010001
001001111010010100111110
010110010111111110011111
101100010001101101101000
000001010010111110101001
010101000110110111010001
010100110010111110100110
011100101100010011111100
000000110100110110010000
101010010101110111101010
100101111001000101010101
000000010110000010101001
100001011010111111010011
010010111011000111001010
100100111111110010010011
010100010010001001110001
101011111011010000100110
010011010111011010100000
011100111011110100011001
011001101010011010110001
011011000110101101101111
000010100010010001111100
101010101100000111111101
101110110010011101010100
101000110100101001010011
000011001001001111110111
000100000111010001011101
100100010100001010000110
010010101001000000101001
011100100111011110100111
011110101110011010111111
101001000100110100001110
111111011011110110110001
010101000111010010010010
101110111111111111100000
101010001100000111100100
000001111011101010100110
010101111111011011011011
011101110001100100011001
000100111100001000000011
001011110011000011001110
011111000101110101000110
010011110100010011101001
011100110001111000111111
111000111100000000010101
010010100100100110011001
001001101001001110100000
101001110100101000110101
100000011011110100010111
010000001011111110010110
011111011100000111111001
110101111101110110111010
000100011110111110010001
111100100001011000001010
111100100010011111000001
001010101110110011001010
100000111100101111110011
000100000001101110010111
010110010110111011110100
101100100001001100011111
011010001001110110101011
111000010001001110001101
111011000111000000011000
011001100110001111001010
010000000001100011100011
110101011011100001101011
101011000001011010111010
111110011010111010101000
101001100011100000111001
011101000011101111001111
101111001100100001101011
101100101010010110111010
100100001001011000000101
000111101000001111101001
100101100111110010101100
010000011111001101010000
111011000100100110000011
000110100011101010110000
011100001010111011011101
010111101011110111010110
010010110100100011011001
000000111011011100101000
100111011000010000101100
110011110101000011110101
101011101111000001010011
011001101110101101000110
110100101010010010110100
011001101110111001100110
100010110101011011000111
001101001010010101011110
001111000000101100011000
001101100101010110011101
000011011001000001010100
101001000001111110100101
010101111001000111010010
000101000110000011000010
101101001011000011110010
100100000100001011111111
111011111011010110000101
100110011001110100101110
110110100110000001101011
000111011000111011111010
111011001001000111010110
111111010100000010111111
010110111101000010001100
000101011101100110011101
011010010110101010011100
010111001000111100011000
010001000110000110001100
000111000000101001011101
111101010001101001100000
101110011110111000001100
110000111001110110011010
010111011011101010111001
010010111111111001011011
011000111010001001100101
010010101110111010011000
110011111110111101110011
101101011001010110011100
101111101100101111011000
011010000010001101111101
100111110101101011111000
101101000111001001001111
100101110010000010110001
001000110110000000100011
011111000101011000110001
010011011111011111010001
001101110010010101011111
001101110011110011011100
100011101010000000101100
111101111111111110101000
000101100111000000111001
100101101000110001110110
010010010000101111111010
001101110110011010111010
011111100110110101110110
000111010010100001110111
000100001000010111110010
000111000111011100011001
101100011000110000110101
100111100000000000001100
011011110001000000110111
101000101011010110111111
111000111101110101000000
110000001111001100111100
101001110101001111101001
111111111010010000011111
001011000110111110111000
000001111001101001010000
100000111011101111000010
100001110101000100111100
011010110011000000100001
110001010101000110011100
110000110001101101111011
110000100111010111011010
100101010101110010101011
100101001010100011011101
111000111111111101010000
010000111001111010000110
110101010011010000000010
110110000101011111000101
001010001111001010011101
011101000011010010110101
101100001101101010010001
001011010000011111010011
111101100111001100101101
100111101001000010010111
111101010011100111001000
110101000010010001000111
011100110111001101111011
101010100111011011111100
001101001001000100001110
110001000011100101101100
101100111000110110010100
001111010101000001000001
110101101101001010101000
100010000100000010000110
110011011101000010001100
100001100100110010011010
101010110001111010100011
110000101011010110110011
010011000011110111000101
111000100111110000101011
101010010110011010000100
100000100100111010000001
011101111001111000000101
011110001110110010010010
101110100000100100111001
010010100100111001011001
001001111000011110101001
101110101101101001111100
111100100010010001011111
110000110000011101110011
111001110000111110010110
001110001100000100101111
101100001100100101111100
101110011111010100100111
111001101001101100000011
011101100001100110111001
010011100101111000111111
000111110100101001111111
011111111110000111100100
100011000110011000110010
110101011001001001110011
110011011111000101001011
100010101001111101001101
010011111010011010010000
101000111111111111000111
011001110010011010001111
111111110011010011001010
010010101100010100001001
011110000111110110010010
101010110110000010000001
001010100001011111111000
001001011110100011001110
101000110101000011110010
110011100011011101010011
000100101101110000111110
011001001000110111011101
111110110000101111001101
100010000101011000000000
101101010110001011000000
010110111111111101001111
001000101001101110110010
111101010000011001010100
011001110111000000110110
100110100100010001111000
011101111111001101101111
110110100011010110100011
001100101011011101000100
110001110011101001010100
010101010011010101110001
000011100001100010101100
111101000110001101000100
110100100110100111111010
010011000101001010000100
010001101010101111011001
111001011010110010100001
011010101101110010000111
010011000100111000011100
111011110010110010110000
100000101100110001011100
010000011101101111011011
011110011011101011010000
001110110111110100110000
011011010010011010000100
111000101010000101111110
101111111111010110000111
110000010010011111110110
000010011011001110110101
001001101111110110001010
111100110000011000101010
100110101100011101000111
100010010100100101100101
100111100100111001001100
000110101100111110101100
011011011111001100011111
111110010101011000110111
111111011000011100011110
111001010110011100111100
001111010000100011001101
100110111010110000011011
001010110001101111011011
111001111111110111111000
101011000111000011110100
110001100111010111101101
110011010110011010001010
100101111010100010101011
011001001100111001110101
110101001100010011101111
001001011101111110101001
101011001101111010101110
100111011011101100111010
011000101000011111111011
001011110001011011010010
110110110001111110001001
011111000010010110101101
111100101001001101110110
101111010001111101011000
100000110010101000101110
111111010000010111011010
010100001111110111100100
101001100001011000111001
110010001110011110001101
011001111001101101110000
010010010100100000001010
101010000001101111001010
110111111111001011101101
000011101111110100000111
000000001010001101010001
010101110110001000001000
100011100110001101100010
111101111111001100111101
110101011111111110001111
010101100001100100111000
001000001100000100001111
100111011100100111111001
000010111000100110110001
110111100111101011110101
101101001111110101100011
001011000100111011000001
011000001100111110001010
111111011001111000101100
110110001101111001111001
110000101011011110000010
000110100111001101100000
110011110101010010010111
000110100011000001000111
111000110010110100000110
111100101000100000001110
100101011111000110011011
010001000110001000001001
001110110100110000011011
111111100001001001101001
101011000000111011100010
000110111010111001011001
011000001101010110010110
100100000010101111010100
111000001001100101001111
000111110111000100101110
100110000101101010010101
010110010001110110100010
101010010010011000011110
001111111100000111111101
111110011001100110111000
000111100011101001111001
001100010000110000010100
110101001000001110111010
111011101101010010001011
010011011111100100011111
000111011111110110011001
111100101100111001101011
111001101010111101111110
110101011110111001110010
001101110001110111101011
101000001101001100000011
010101100001001100100110
100110111110110110001001
010000100001011011000111
010100100110101011111100
001010010110101110011110
110100100110100011110001
011100000010111001000100
011010001100000011111011
001010000101010110101011
000111101000111111111101
001110011111001010101010
010101001001110000010011
010010001101000110100110
111011101100110100001101
011011110110111010011100
010001110110011101010110
101100111010110010011011
111011011010001011101100
110011001111001000011000
110001100100111110000001
010101110001101010011101
111000100000010011111111
110111111011110000000010
111001001000011000100000
101110111100100010010011
111101010001001001011101
000010100100000010001100
111101010101000110101010
110011010001000111101111
011110100010101101111001
110111010100000000000101
110001010110011110111010
000010101110001110100111
000101100111100100111110
011000101000010000000001
100010001000001011010111
110000111010001000000101
111100110110011101011111
100011010001000100101100
101000000110101000111001
001011000110000111101100
101001101111100111101011
000000010101100011001001
011001100100001100010000
001101111011010000011000
011101000100111101100101
000001010101101100011001
111010110111010110011011
001001101100101011100001
101010000101100111111101
001101110000110111101011
110001011100110010000101
001101001110011010001011
110101011000110101111010
010001111000101110110001
010100110010111111100101
011001100011010010111001
000100100010000000011001
010001111010000010110001
001011101001101000001110
100000011100000101111001
010011110101001111010110
000111101101110110010110
110111010110100001010000
111010000000011111101110
011100111111011100101011
101101111111111100010000
011001100100110001000111
000001100011011001001100
010100100010111100101000
110101110011010010101001
111100101010001001010001
110001111111000111111100
011011001111111010011000
100110001011010110101000
011010010110110111111010
000101110110100011110010
000101001100001111010001
110000100101100010100100
000010000111101001110100
011101010000110000100000
011111101010001100111001
011101001011010100100100
110010001111100100101100
111111000000101001001111
000100010111011100111000
110111010011111100000011
011000000011000111001101
000010000100110110000111
101011000101000000111011
001011000011100010001001
111100000010001000001001
111011011000011110101001
101011001110101101110000
100001000111110001111001
000111001111011100101100
011100111000111000110110
001011001000111000011010
010011100001010000000110
001101000111000111100101
111010010010111000111001
111010111110001101010011
111010100111100001111010
111001011110011000111100
111110110000001101000000
100100111101011001110101
010011111101001110010001
100011010000110110110000
010101011000001101101100
011100110100100011011100
101001000011110110000101
001101010110001101010010
111101110101100100010101
011100010111010101010110
111011001101001010001010
000011001111111111010101
001111111010101111010101
111111111110010011101001
101001001110110001110111
100110111001011101010001
000000011111000111010011
001101011111101111010101
011100001100101100101010
111100110000101001110010
100001001000101110001111
101100110011000111000011
001111101100010110101010
110010100000001011101111
001100100000110001111010
100000000111110000010101
010110010101101011011011
101011100010000110011000
100011000110100010010111
111111110011100011000011
000011011001100000100001
100111101011010100000001
001001010010000001101101
010100000110100010111100
111110111101100000110001
011011101010011101100100
100100110011000110111111
100101011011101010111111
111000001100001111111010
100100011100010000001000
101111011100110010000110
101000100100001000011001
101100010001100110101101
111011110110100001011010
110101110000011010011111
001101000110000010110011
100010000111001110001010
100101100100000000110100
010111010000011111100000
000100001001000011101011
001000111111011000011000
001110010101101000010010
000100010101111001000110
000000100101100000110101
101101010010011011011010
110100011011011000010111
101100110111110110101000
111111101011101000101011
001000011110011101101000
000001010010000010100000
110101111010001001101001
000000100000111101101100
100001010010011011101101
011010000100111111001110
001111101000110101000010
100111100011011110111000
111011011101011001000000
011000111101000100000011
100100110100101111010110
101001110010010000000001
001110010101101100000010
101001000100101000110111
110101001000101111111101
001110000001011110111000
000100100111000001010000
001110011011100000100001
110011000101001110111011
001110100101100100110000
101100111100010011100101
010000111011100100100001
000000100110000110110101
001111011111011010001111
110000110000011111110110
000110011000111000001101
100011010010001111101111
110111001001011010000001
000111111011110101010100
110010110010101000100111
010111100110010111000111
011111100110101100001010
001000000101011110101001
101001111011100111100000
101011100111010000000000
111000110010011001010010
110100001101101001010011
100100001011011010011111
100100100111111101111111
100111010111001001010011
000111011101000101000110
001100101100111001010100
111101111111000110100011
000001111010101101000111
010010101001001100101101
011101100111011010000101
110010101110000001001011
011101001110010101101011
010111000000001100101001
100101111101110100001111
011110110110100000010010
000100101101111111000010
110000000101111101101110
001010010110101000101110
100010001101010100001111
001010001111000000100001
001000101000101101111111
000010100100110000101110
011110111010010100000000
100100001101000100001101
001010101001100100000000
101001001010111000011001
001111000110111101010100
000110001010001010110000
101000101100101111111101
110101001000011001000011
110000100000100111111101
010011001111110010111100
100010000001011100001101
110111000010110101100010
100111110000001010110010
000111011111000110011101
010000010100100101000001
001011101001010101101010
010011001101001100100111
111000101111110111111011
100100010000010011011000
110101110111001001111111
110110110100110111010110
101101100110010000000111
001001101110011100011000
110100100011111101010101
010011100100011111010001
011000001110001001000010
100001100110101110101101
011111001000100110010000
100011100111010111111001
111011010111011001001101
000011000100111101100111
000110011110011110101110
001111001000101011001110
011101010100110010011011
101101000100010000000100
101111010000001010101110
010000001000101110010010
010001011110001001100111
101001010111100110101001
011001101000101000111011
001011111110110000001100
000001111011011010000110
111111101110001011100000
110100000010100110100100
000101000001101101101001
010110110111011101010011
101111111100110010111110
001101001010000010010101
101111101110001010011011
101001101110011000111010
100010010111011100010100
010010000010011100110011
111111001000011100110111
000011001101001110000011
011110011000001111100101
101001111110111100010110
100110111110010001001011
011010000101010100001000
010110100011110110011111
110001111010011100110101
111000010101110000111001
011001001111011011101001
000101110001001001101000
001101101100111101110110
001111110010001001010011
000010111110100110100001
011100001111111000111101
101010010100000000111001
110111011010001000101101
000111100011100100111111
000101011100011011010100
011111110101010000100110
111111101101010111000101
101010000010110100010101
010101101010101001110101
011101111110000101001010
101000001100011010010111
000011011011110100110001
001111001011000101011100
100000011101011001101110
101100100101000111000011
011111110100000111001101
011101000010001001101011
100010101111101011010100
101100111110110110101110
010110110101100110110011
100011101111010001101000
010001011101110000101010
111001101110101111001111
110110000110111101101111
000010101010011110111110
000010100000000010011101
000110010100101000011110
100101001101111001101000
110001110100010001000100
010001110101100111100011
111111111001011110000110
111010100011011100000001
010101101000111001100111
100110111100100010110010
110000101110010101111001
010001111101001011000111
011001111111111011010010
000110010100111011010101
101111111001001001010000
101011011111110111010100
010110110110000001110000
101101110000001011000100
000100111111100011011011
001011000010110001010101
100010011111101111010011
001001110001000000101110
101111110110010010000101
111011101100011101110111
001111001110010000000000
011011000111110111100000
011001101101101101000011
001010101101001000011011
111101100111111100111101
101000010011110001101101
111001000111010000101000
101111101010010111011001
100000000010001110100110
111111100110000101100001
111110110101110110110101
110100111101100100110011
010101000011010001100010
010100011100010100011001
001001011101100001001111
101001001011101011010100
000000010101110111101011
110100111011011010101010
101101001111111101100110
110110001100100010011111
000110011101100100110110
011111100010011010100111
110000000001101011001100
101011110011000001001001
101100000100010110000011
100101100010100010000010
011100001111001011111111
011101011101011101110111
100000011000101000100101
010001010101100111101110
011001110101101001110111
000001000101000100111011
100011000001101000111001
000100100000000001001110
001100010110100011011100
001010000101001001110111
100010100000000100101111
001010111010010111100000
111110110000101001110000
101111001100111010010111
110111011100011101001000
011011000000001010101000
000101000011100010011111
011100000001011011011110
100100001101100010111101
100110010001001100100111
101101110100001100011010
000010010110100100000111
001100000010101110010010
011111111010010100110010
111100011100000001010111
100111100100100100011000
000111011001100010101101
011001000011011101101110
101100011011101111111011
001111010100110100000100
101000110110010011111001
001101111110110011101010
000111100110010010110111
110011100111001001101010
011101011001011000011101
100100011000010100001110
011011010100000110010000
011011000101110111010001
011110001101001110111000
101010101111111111010110
101100000000100111000010
010011011100000001011111
011101101101010010111100
111001100100111001011001
010111100101001100011100
100010011010111011100101
100111010001101100100110
100100011110110000110001
100011000000110011111111
001010111011100111100110
111010011000100000010001
100010011100000110000010
111110110110000100001100
100010001001110010110110
101011100000011101011111
101000111000010101101101
110010001111001110100010
011101011100111100111010
101111111010010110111000
110001111011011100101101
000010100111001010101111
110101011001110111110000
100011000111001001101100
010110100111100010000101
101011100110111100110100
100010111110011101010111
111001001011100000101001
101011110111000001100010
001010010010110000000011
001010101000111010010110
101110011001001111001100
011001110111011000100001
011101010001000011001101
110101100001000110010010
010011101001110111010111
010010101000111011010110
100111010100110100010100
111011001110100010010100
000011111110000110011011
110110010100011111001001
100111001000101001111100
001111011000110000111011
010101000110000001000110
001001001101101101001011
110011001000001101010000
111100010101011010101001
010011010100110000111111
011111111100000100101100
011011100110110000111101
011011011001011111100001
100010010111101001001110
110001111101101011111110
001001010110000010010110
011001111011101010001100
110000010011100110101000
010111000111010010111010
101000000101110001100010
100001101001100101000100
001100111000110100101011
101010100010110010010001
001001101101001001110101
000001110111010011011011
101101100011010000111111
000000100111111010111010
011011101100100000101100
011111001101010010001011
010000000000000000100111
010101110011011000100100
001001000001100001011001
010101011101100100101111
110111110101000001011111
010101100010101100111010
100010011011000111100100
111111101111111010000110
000111110100011010101011
101111001011111011111000
001000101100000000000111
001001001000000010000101
000011001101010011101000
111101111111011010101100
000000111010101101111010
111011001001111100111111
001011100000010100100110
100000000010110011011011
111001101111010010111111
110000010011101100100010
001001100010010101010010
101100011010100001111101
111010001000011010010001
010110010011000001010110
101011011000111111101101
001010011000100010110111
001101100011101111100110
011000001001000000100110
010110101110010101101000
000110100001101010000100
010011001111100110100010
100110100000100111010101
110001111110001011010101
011101101110101010111101
000010000101101101111001
101111010000111110010000
100011001110000101111011
000101001010111101011001
001111011110010100001110
010000101100010001011001
011011011010110011000001
000111000001011001001010
