11000010110100000101010100
11110001111010001000110111
11111111011011101110111010
01011110111100100010011101
01000000110100101100000011
10110010010000000001001001
11110100100000111001000110
10100100000011111001011010
01000000010001100001010010
00011011011100100110011011
01011001110011001010000000
01101111111111100010100111
11010111101100000011010100
00110011110110011010010010
11011001111011000000111011
00100110110000001111100011
10011011001000011111101101
00110110111010100111000000
10001001000111100000111000
10001001001111001111100101
10011000010100100000011010
11001110100101011100101100
11100101010010101001110100
00101101111000110111001001
01111101000010110010111000
00111100111010010010100000
10000111001011011111001010
10010010101010110000010011
00111100001010011110111100
01010000001001110000000101
10000110111000011110111111
11101111111000000001010101
00000011110001110001010000
00101010010001110110100011
10010011110010100001101101
10110110010010111111100110
10100011010111000000001110
10010001000100011000011111
10111111011010011100000110
00011010110100101100001101
11000010001011110100111010
00110111011100010001110010
11111001000100110100100110
10011000010000111100100111
10110011000010111000001001
11010010001001011011110011
01110101110000110011111111
01110110100101000010000101
10001101001010000010101000
11010111111111000010011000
00110100011010001100000110
11011111100001100100100100
00001010111101111010011101
10101110100100001111100010
01100110111111100001000001
10011001110010011111101010
00001001100011110100101011
11101000000100100110110111
11011100000001111110111100
00001000111001010101011001
00001111110110101101001100
11011111110110010111000001
00110011101101100010111101
01111010000100010001101001
10100110011011101101110101
00010101001000110010000101
10100100110101011010000101
11110001001111001111000000
11101111110111010001000011
01010110011100110101010100
11110000000100100111100111
01000000100010100001001000
01100101010011100000110101
01000001101010101101100001
11001101000001011001010000
10101000111100010000001100
01011000001111011111010100
01101010011100011001111011
01100100001111111110110111
10001100100000110111011110
11101101100010011111100110
10001100110010000101100110
11110001111100101011011101
11011001111001110000110011
11000011111001101011001110
10101100100110010100011001
10001100011000110110000010
10000101111001010000101111
11010010101111101101110111
00010011111100110010110011
11100111001011110101110110
01001010001110010110011111
00011110110010110110000001
10011000011010111000001110
01000001001100010000001001
10011100111010011010100000
01110001100000000100010010
00111110111111100000010010
00101010100011011001000110
01100001001101001100000101
10000110110010000000100001
11010011111011011001000110
10111010100001010001001000
11110011010111110001111001
01010101001000101001001111
01000100000111111010011011
11011001110001000010010001
11111101110000110011110001
01100101011010000110101010
00101111110011010110001110
10110100011001111101101011
11110001011011001111011110
00110111010100000011110111
00011110010110110011001110
10101010101100100011101111
11111011111011001110110100
10110101100101001101010110
10000000000011100010010001
11110011001110111100111101
00010011000110011111100010
10110000101001001011101100
10001010010100110001000111
01101010100011100000110011
01101010111010101001001101
01111000110001010101010001
10001111001110011111011011
10001000001011100011000001
11111111011110110001110010
10011001010110110011101001
00010111110000011101101111
01001101101100000001100010
01011010001010100110001011
10100101111001110001101111
10000111001010001000001101
01001011110010101011100010
11010111101011100011101011
01110011010111000001000111
11110011000110100010010111
10101011000110001110110101
10010011010010010000010100
11011000100111111100100111
10100111011011101011011010
00100100111101000011010000
01100101010010101001010010
11110111111011100100100011
10111000011011101101100010
00001001111000110010101111
00000000111011001011010100
10111010011100000110001001
10000000101101110101101110
10000000110100011110100100
00101101110011001000101110
11110001011111010111011011
11000010000000110010000010
10110011011011010000100111
11101110110001101101101101
01011001000010101011010001
10101100011100010000010000
10101101100111111111110110
01100110011101000111011000
10011011101001100010000001
11100010011110101011101000
11110111000000100010110001
10001111110010111000001100
11111001111000011100111101
01110001010011000110010101
11111000110111111010101000
01100100010110001111111110
11101111000011110110010000
00010111001101010100110010
00111111011011111111111010
11110011100001010101100010
11011111001010100100000100
10011001100111101110000110
11100100000010101000111101
10001001000111111111000010
00110101111010010100101010
11000111010100000111111110
01101100000111100101010110
10111001001011000011101010
10000110110000011001110011
11100100000001111010111000
01101011110101001110011010
10100010010001111000011000
11000110000001111011111110
10000101011011001101111010
11011011101110000001111110
00101110001100010100001000
01110001000111000001001011
01011101111001011101010000
10011100011100010111111111
11101101001000001000010011
10111001110111100010001110
01011000111000111111011111
00010111100101101101111011
00010001010110011110100100
11100101110001000111000111
00100000011101011101011101
01110001100100000101110111
10000010000101000111100110
10110100101110011001010000
01001111110100010100000101
01101110010101011001000011
11010010110110011110100111
00010100110000101001000101
00100110011110100101010000
11011100100001100100111111
10000101110100100010001101
00100000010101011111101110
10101000001010101001110100
00010000000010100111101101
11111101100100001111010110
11100111001100100011100011
00110100111010101011100011
10001111010101110001111010
11001100001111101110101110
11101000110111001100100101
00110000101100010000110111
00101111111100011000100000
10110010110001101011100010
00000110010001101001011011
00100000000001011001010001
00100001001010110011101101
10000101101101100101011100
00010100101010010010011110
11100001000000100010001100
11011111101010000101000111
01000010000010010101100000
01000011001000010010000010
11010001111000001101010001
00000100101010111101011010
00000100111111011011001001
01001010011111011001101011
10010010110001100011001010
11100011010011101111100110
00111010101110110101101101
10011010001010010111010110
10110101010101011001100100
00110100111101101110101110
00101011000000111011011110
00001001111001110110110000
01000110101100101010101001
00001000001000100100100101
10000010100111000111100100
00001010010101010101000101
11101100000100110100010100
00000011010110010101001110
01010100110101101001010000
10001110011101010000101011
11000110000000110011110011
00010111001111011101111000
11111101111001100011010101
00111100111110101010001110
10101101100101101011001011
11111011000111101000011101
00001110010100010011101111
10100000110110000111010001
10000110100111110101111110
01010110010011001001010010
00110000110111111110010001
10011011011101001100110100
01000010100111010110000010
11111010011011000011000110
01010011010110010001100101
10001101000101000011100011
10011010001100010101111101
11110101001100001110011111
00010000011001001100001100
10101111110100010101111001
01110111001000010011100100
11011111011011110010100111
10110110110001011111011010
11101110110001101010011000
10110010100011110010011011
11111110001010100000000111
00100011001010110111100111
00101111010110001000110111
00111010010100100010110000
10111111101011001010110100
00000100000011110010101110
10010000010111001010111000
11010110000001011101111111
10011111110101110010100000
11100110000100101000101000
11111011100001111110001010
00111110101000011100110000
10010110110001111100111100
11101100010011100011001010
00011100101001110111110010
10000110000010010110110011
01011000110100000011100000
11001000000000000010100010
00010011000000011101000011
00010100100011000101001100
10010010001000110111100111
00000010011111111010001111
10010100001111111000101101
10111100100110001000111101
11101011011000001101000011
01000001100010010011101001
00010000111111110100011000
10011101100011111000000011
10101001001010100111000010
10101001110110101100111100
01101000101100100101001001
10101110011110010011011111
10001110000010100100010011
00011001001110000111011110
01011111100100000101100001
11010010100111001011010010
10111111011101100100111000
01011001010000000000101111
10010111100110001101011011
11110001001100011010000101
11101110001000110000111100
01000100101110001011011001
01101100001100100000111011
10010011111111001010011100
10001110110011101001111000
01011011011011010110101110
11110101101000100110001001
01000001101010110110111100
10011111010001010011100000
00110111101001101000110100
01110010101010100110110010
11000011101101111100100110
01011010011010010001000000
11001110010001011101000010
00111011110011000110011010
01100010000101010011010010
11101100001111011011001100
01000111011001110000011011
11011100111100010001110000
11111001011101010010001100
10111000010010011001000011
00001110001101110100000011
10101010010011010100101110
10111000100101001110100111
01011010111111100000100111
11110101111000000011110101
01010010111101110000000001
10001110100001101011011010
01010011011110110010000110
01100110000001110000000111
10011110110111101011100110
00101101011000100110010110
01011100110110100110001001
01111100101111111010100100
10101111001110100110011010
10001100101110001111001101
01100110101101110100100100
11110010111010010110101101
10011000111111010001100100
10101110100010011001110100
01111011101010011111111010
11001010111110000101101010
00011100001011100010110011
00011001101001001011000101
10110010100000100011011010
01001010110100001000010001
00111101001011010000100111
10111000110011011100100011
01111011011100101011111001
00110010110101000011100100
00011110100110011110101110
00100011100110001101001011
00000000110001111011100101
01111101000000111010101000
00011101001111100000000111
00101000101000011011110010
01111001000100010011000100
00000100010100100100011011
00000111010011110001111010
00010100010100001010001100
01110100100010100111001111
00101101100100000011010110
00010001111100111010110001
01110101110111100000100101
11001110100110111010010110
10101000111000110110100011
10010010011010011000100101
11111110000001000110111110
10001000111010101111011010
10111110100101100011001011
11111100001101101010111000
00001011110101100110011100
11000101101110000010000000
11001100001011000011111110
11000010011001110001111101
01000001010011011011110001
10011111001110010100001100
10110011000001001001001110
00001100101010101001010101
10010100110101000000011011
00101110011000010011101110
10010101110101011100100000
01101100101101100111111110
00000110110111011001111100
01001000111111010011010001
00110111110011110101010000
11100100011011111001010011
10100110000001001110110111
11110110101101000111101110
00101110100001101111000110
00111010000111010011011011
10110100110101001101111110
00011011100100001010110101
11000001001010000010110111
01101101100001111001100001
01011011100101010001010011
11000011010101001001000010
01101010001000100010011111
11010010110011111111111100
01101111000001110101101010
01001101110111111011111010
00101111010000001111111001
10110110000100101110001000
10001000010110010001100101
10100001110000100101000100
10101101100101111110100001
00010010011010110101110000
10011100010011001111000011
00010001000101011101001011
00000101110100110000000101
11111000011100110010000001
10010011000001101000111111
10011100100000001000110010
10100010000111111001110101
01101110011101001111111111
10011101001101100111000110
11000101101001011100110110
01000110100001010000011101
10000000000000000101000110
11010110100111011100001000
10101011000100010100101101
00000000010010010100000111
11001011111110101010010100
10010001110011010000011001
10001010010000000000111011
00100111001111110111001011
00010000000010111011001011
01011001000011111110010001
01101110111011110000111100
01010011111110010011111001
01000110101010001110010110
11001001101011010010011010
10010001011111111100001110
10011010100011011001000110
01011101010000010011000110
01001010101000001000110011
10001111110010010100011110
10111010101100100001000011
00011111010011000001100101
01000011001101000110001010
10011101110000110111110100
10111000011010000001011000
01001011101011100100011010
00001010110001101011001111
10010001111010111110011111
01110101010001011101111101
11101111100100010100000100
11010111001010000100011100
01001111101011111110111000
10001011110100110110001001
00001011000110001100111010
01011011111000111010000111
01101000111110001100101010
11110000001000010101011100
11101101001110101011110011
00000101000011110001011111
11101101011001110100001110
01101100010000111010101100
01101011001011100100110010
01001000000001111111110111
10010000111011000111010101
11101001110001111110011010
11001111111011111001100001
00110110111101001101111011
00011110011011010001101100
10000110001110011001111010
00011111011101110101011101
00111001111111100110101011
11000101101111101000100100
11011000010111111100011000
01111100000101101001110000
11101111000111110011100101
10111100101010110000010010
11110110011111110000001000
01010100011001101110001001
01010010110001111111100110
10100001101101100110111011
01100100110000000101001000
00010110101001000111011101
10000111000000001101101011
10000001010001010110111001
00001011100101111100001011
11101001100101101010110110
01101101111011010010100011
01110011000010111001000110
01000111001010001011100100
01001010111010010001111000
10000101110001000000111100
11110011100100101110100000
10000100001000101111100110
11100100111010101110010100
01110101010111110011110110
01111001101010111110011001
11001001101011010011000010
00111000000110110011111100
11010001001000011010001111
01000000111101100001101001
10111100010000100010000111
11101100000100011010011011
10101001000110111011100110
00100001100110010100010011
00000110010101101011001000
00010111101001110000100110
11101111110011100000111111
10111100111010011110000000
10111110101001101111101111
10100100010001011111000100
01111001011111010111000111
00010111100111010001010101
00100110011110010011110000
10010101100011011111101011
01110001001011101000110110
11010111000000010101000001
11111100001001001100010100
10000011110011001100101000
11101110110110000011111111
01111001000100111000111000
00001010011001001101000011
10000001000000111010111000
00001001010100110000010111
01111010010111011101101101
01100000111100001000110101
00110001011001010001111101
11101100000101000010001010
01010101110101010100101110
10011101010101111110011101
10110001010001010001001111
11000001000000101101000101
01001011000100010000110111
00001110100101110100010010
01100001001001110010111000
11111011101001010101111011
01000010110101111110111011
11101101101100000001001110
11000111001001010101000110
10011101101101010001010001
11001011101101010111000110
10101011101001111000111111
11110011011110001100110110
11101110011011101000101111
10010000001000000101010001
10101100000111011010101101
00010111111010110000000101
00100100100000100100000100
01011010110101010100111110
00000001110101101001111110
11001000110110111001011110
00001010011111001110110101
11010101101100001010101010
10001010000011110011010011
00001000010101000101011010
11001111100110100010010100
00111011101000100111111000
00101110101001110000101010
01101111001110011101111110
10011100001110010010110001
11110000010100000000100110
00011010011000101011010001
10011110000110111100111011
01001111001001101010001011
00000010010101101010011001
10011010100101001101111010
00100001100101010010101100
11100011100010010100111010
11010110010111101100010111
00101001101111101101100001
10001111001001100000011000
01010001010010100000000101
00110011011000010100100001
11000100101011011111110110
00010100110110011100011110
11011000101111110000010011
01110010010111111000001011
01010011010101000101100111
10110000010101110100100001
00011001100010101010110001
00010101100100000101100111
01101011001010011010001101
00000110011011001001001010
01000011001001111100100010
11100110000000011000001101
10011100010011001001100000
00010100000101011001000100
10001101110111101010100000
01001110100001110101100100
10001111111111011011110010
01111110111101000110111000
01111011110100011101111101
01010010000000001011101000
00000010000101001000100011
10001001010011000011111011
00001000000100011101010001
00101000000100001010100100
00110110110011010010110100
00001110010000100011101101
11011100001110110101000100
11101110111101011111101111
01101101111100110110101101
11000101000000011111010000
11111000011110001001100011
00100101011100010100010100
11111111000110010100010010
00100101001011000011010111
00001001100001010001011010
10010010011001110100001110
11010110011000101000100011
10110111000001100000110100
10100011000111101001111111
00011000101011101011100101
01101001100101100101110111
00101100010111111010000011
00111111110101100001000100
00000001001011101010010111
11100110101100111101111011
00110111010101001010000011
00100111111101001100110000
00101101101000100000010101
00011110111001010101100010
01001000001101101110110010
11010000001101101100010000
01111010100011001100110100
11101111001011011110001001
01010001000111011100100100
10101000100011101111011111
11000011101111111111100101
00101000100001101010010100
11110001110100011110100000
11001111100101101110001100
01010000010010110101011100
01001000100011110011010010
01001010111111001111100110
00001111110111011000011001
00000101110111111111010011
11110001100010000111110110
01000010001000100111110100
01111010010000111100010101
11010111000011100001000111
01010111110001111111111010
01111101111000111011000101
00010011001100011100001111
00000100011001101111000011
11000111110011111010101010
10111000111001101111011001
01000101100101111111000011
11111011010010010111110000
01000000010100111111111000
11010101011111001100010111
10111110110000101100011100
10101111110010110000010000
11101001100111000001111111
11011111101001010011011111
00110110010000001111000100
01011000010100011001111011
11110010101011010000111010
11100101000010100100001111
11111001110011111011110100
01001110101101001101011101
10111010011110010000101110
11101110001001100111000101
10101001110000111001110111
11001110001110011100011100
01110010100001001111000111
00011110001100010111100101
01011101110001011101110100
01101100111011111110100100
10111011000100100010010101
10101000000011101100011111
10011001010101111110110010
01010101111110111011101110
01100110100111101001001101
11110101001010001110011011
10010011111010100000001011
00010000011111001011010000
10100000001111010111001100
10011010011101010011110011
11001000110100010110100010
01111011001111010001000101
11011010101010111001010000
01110101001101110111100000
10000110100011001010010110
01011010001010001011001010
00000010011011001010000001
11010010000001111011110011
11110110011010000101111010
11101101100010000001110101
00111110001011101000110010
11100000010100000011010110
10100110100011111011000010
10000111110100000100110011
11110110100101011011100010
10011111000000001100011011
00110111010011000100101010
01010010011000010111110000
11000000101111000110001010
11110010111110011100010111
11110011111101010001100100
10101111101011010000110101
10101011110101110100010110
10010101000110000011001101
01101011011111101101110100
11001011110010000100111000
11101000000010100100110011
11001011010111101101110000
10010001001010001011100000
10101001011100101101110111
10100111100001100000000000
00110101101100111100010001
10111000000000111100010110
00100010000000011110001000
01101011110010010101010101
11000000010111010010000000
01000001111110101000100111
01100011101100010001001001
11000000111110110000000011
00010110011101110000000000
01101101111001011110011111
10100000010101001010011100
11111011100100000111110100
11010011100011111001001011
01000101110001010011000100
00101000000101001100101001
10101101111100001110011000
11101100001011000001100000
00100010000110011101010111
01000001010001100001011111
00100110001000100110000011
00000111111101110110001000
01100111010111110100000001
00101010000110100001100010
10001110100101001010011011
11110111100000010110100001
00111101010100111011011100
11100100011110001001110110
00111100111000101100100010
00010100000101001111101000
01000000011100101000101011
11111010011100000100100100
00001111101010011110101001
01111110111010101110001011
11110010101101000110001010
11100010000111110001111010
10001100000010011011100000
11000010100110010101001001
11111011010001010110101100
00101000010111111000100111
11101001000000010111010011
11001001001110010001000000
10110010100101111011000111
01101010011100000001100111
11001000111001001000100000
01110010101110101001000001
10101110111101010100010010
00101111101011010000010110
11000101000100010001010100
00000100000100100110111011
01001100011001100100000111
10000011111011101100000000
10100011000001111011101111
10000111010001001100001110
01000000001100110001110101
00000111011000100000110001
01100101110100101111011011
00100111011101011100011100
10001011111111010101111101
10110001000011100101011110
10110011011010010001110111
10000100001010000101000101
11000110000001101001111010
01110101011111101011101101
11100100101001111110111000
11010110011011111010101111
01100000010011011001111101
00011110111110101011110000
00100100101011101010000000
10010001101010010101010011
10110001000101110101010101
11011111100111010011011001
11001101111010011100100001
01001000110111101000100001
01000001111110110001100000
00010110000010011011101000
10001111110100111111011001
11010001011111100110001100
00111000011011001110101000
10010110011101010100001001
00100001010100101111001100
10010000111001001010001001
00110000000000010000110011
11111000000000111110110100
10110110000101111101100100
11011111100001100101101111
10010100000011000011111010
01110111011101100011000010
00011010000010001001011000
01101110100011011001001110
01010101100001110000010001
00100110111001110111010110
00010111111100011110011000
10011011001110100110000001
10101011100110110001100011
11001100101100100111000001
11000100110010101110010100
00100010101111000101000100
01011111100101100001000101
11000111010011010110101010
10111100111100000011100000
00100001101000110100000000
01110011001011010110010100
11000111111111110100011110
10100111010110101010111000
00011111001011001100111101
10000000000110011101100011
00100000011111100111100010
01011100101011101111101110
10011010111000110011101110
00001101100101010001000100
01100010000100101000101101
00100100010111001001001000
11010010101111001011101100
11101011000101001101110111
01101110111111111100011011
10011001110000001100010110
01000001000011001101111011
10010111000110111101100000
11011010001000011111110000
01000001110111011011111100
01010111010010011101000010
00101000110010011111110101
11111101001101100011000111
00110110100110110010110001
11111111100000101111011011
10100101001010001001010111
10111101000011001011010001
01110011010010101110000100
11000110010011010101100100
00011000011101111001001001
00011100010111111100001101
00101010011010000101111000
01110110000111011011111110
01001101001001111001110111
00001110010010001100000000
00101010101000000111010110
10111000001010011111011000
11011101110001011100011010
11001011011011101010010010
00010011100100110000101011
11000011001101000000011100
11101001100111111001010100
11111110001011010010100011
01100010011100110101110011
00001101101101001000000101
00100111110100011010001111
01100111001001101100000001
11001000100100100010011110
10000110001011010100110111
10000001100010110001001010
11000111110001110101010010
10101001100000101010011010
10101000110110110100010100
11100001111000000101111010
10111110111011001010110010
01011011100100101011100010
01101110010001111010000101
01000111111110010111001110
00101000001000111110011011
11101001101100000010101010
01001010001100001101110011
11001100110111001010011111
01101111011000110100000101
00011000100110010100001100
11100000111000001010001001
00010001010010010001010000
00100100111110110010001000
00001011111100110011100010
10110101001110100101010001
01000111110111101010000100
00110001001100111000101110
11100001011000110111010100
11010001000110011000000001
11000010110110110100111011
00111101100101111001001101
00101101111110000101010011
01010111111000000010011010
01101111110010000100110011
01111000000000111111100010
10011101001110100100011011
01110111010100101111110001
10111101110001000000101011
00101110000101000011101100
00111101010100010010101110
10011000010000011111010101
01011001100111111010111000
01001001101001001111111010
10101111011101101100100111
00011100000011100001100100
01111101111001010001001001
00011110100110110011111000
00111000011110100100010110
10011101011001100110111000
10001111100100111111000100
10011001011110010001011111
11100101111010000111111100
10000001011100100000110001
00000010010111000101100010
11110111101010011100110110
01000011000010010100100001
00010111110100100101111101
10101110100011110100110001
10001001001100100101111101
10101100100111000010101001
11101000000111101011100110
11010011100110010111010100
01100011000101000111010101
00010110101111111101010001
11101010001101011110100001
10100101111011011110001010
00011011100011010111111010
10001110001000000100110010
10100010111011111110000011
00110110011110111010110110
01011100010110000011001101
10101100111101000011110001
00111001110010101000111000
11010110010100000000100110
00010111110011000000111010
10000111011110111101010101
01010100011100110001001011
00000110110100011100100110
11111110111000001000011011
00000010111110101100100100
10111110000100011101000000
01010111111011001101001100
10001101101110001010001100
00100111001000001001100101
00010111101001110110111000
11110110000001010110011001
11001110100110111000111111
11011111101111101011101001
11001101110000100010000110
00101010100111001110111110
00001010011110010101000110
10011001011100011000100000
10001111110101000001000001
10011001101000001010001101
10010101111000001001100110
10100100000010110011010100
00111101110111001111000011
10000110111110011000101000
00101110110111011111110010
11110101001111110101011111
00100011011110101010111011
10111001000101100001001001
00110101101111001010111100
10000010111011010000001010
10001011011011110100011111
10111111001100100100001111
00010101011001100001000001
10101101101000111011011010
10100001001011111110101001
01011000011101100111000111
01100101111000111111010100
01000010100111111010010100
01010100011010110010000110
10111010111110010000000100
10011110100000100111011011
10001010101101011001101011
00000011001111101001011010
00100101111001100010101111
11100011011110001110100110
10110011100111100011001000
11111111000010001011101000
11101101010001010010010000
11000011010001011110010111
00000001011111100010110010
00011000100000010111111001
00011011010010111101100011
01010010001001100100011000
11101011100010100100011010
01110001011011010101001111
00010111011111110000000001
11001010010101110010001011
11010011110010110010010001
01110111000111010000000110
10011101010100100101001100
01110111000110010100001110
01101101001001001010001000
