00100101101000000010001101010011
00111110001001111010111101010100
01001101010011000001110011111101
10100001001100000010000110111110
01101111011101010010000001101111
00000001010000100111001001111001
01011001010001101101100101111100
00101011110111011011011010100010
11101010011011010101010101000010
10000001000000101010010010000100
11000110110100010110111101010010
00001110110100111001011101111110
11001111110110111111001110010011
01011111100000011110101011010110
11001110101110001001011011001100
10110101011100010001001000000001
10110110100100001111011000000100
01100111110101010011011010010000
10001010000011001111010111101001
01011101010100001000100110010010
01011011011010110100000010111101
01001110110010101000010110101010
10011010101101101000110111110111
10010000011111101011110011011100
11001000001111011001100000100000
00001100101100000110010000000100
00100100001100110000001010100110
00010010011110101100011000000111
11010111011001001100110100011100
10110111100011010111111111000010
11111110110101000101001000111010
01010101011100010010101110101011
10110111010110011100000101000111
11110111010011101011001111111111
00110000110100011111011100101110
00101010101000001100010111111101
00110110110010010011011010000010
01110010010101101010100110100101
11000100100111110111000000001100
00111100000001101100110011010101
11011101001001111010101100101000
11100001011001001101011011111010
11101010110011001101100110000010
11111001011100011101110011111001
01111100000000000011000111110101
01001101100010111011110111001111
10100000000011100000001000001010
01001100110110111000010110100111
00101001010100100101001001110001
00101011000011001001110011111010
10101101001100111110111010011111
01010000001101001011101110001000
10110010010110110000111001011101
11010000100110011000000001000011
01100110011101110010011110111011
00000110100101111000011110111100
11101010010101000001001000100000
11001110000100001111110101001000
10110001001001100101001011000110
00100101010111110111111110010110
01111101000101111101100001010111
10011100010010101100111001101000
10101011110001111101011111000011
00001101111001101010011101101100
00010100000100111111001001110100
01110011100100010010101101100111
01011101110001000111001111000111
00001111100110010111000010100110
10011011010001101000100110111101
01001010100111000000010000111010
10000101101101111000000000000101
11000110001000011101100010100100
00011010100111110100110101101000
01101100111110001101011000100111
10000100101000001000011010100001
10110001011010111111000011010101
00100110101111000010111000001101
10101010110000101010101001100011
00001111010011111011100000000000
00100010111100001101001100110001
11111100011101011100101001010001
10111010010010111001010110110110
11111110110100000001001000111111
01101000010110111110000010011000
10110011110100100010111001100011
00111111010100010110110110111111
00111010001000111110000110101011
00110011011001011100000101101110
10000011010010110000101100000101
10000000001010011010110100101001
11011000111001101100100000000101
00111000010000000111110010101111
01111001110001100000001111001001
10110010111110000010110000110010
11111000011000000011110101110001
11100111111110001100100000001010
00110110000010010000000111101110
01100011110110001000111000100000
10101011101000010110011100101000
11110101110111100111000110101010
01000001001011111000111111001110
01110101101000011111000010110011
01010100010001100010010001100111
00011011001111111000010110100111
11000100000111100111000000001100
10100000010101010001011010101111
01101010110001111011110111011011
10011110100010000100101001010111
01111111101101011010011011010110
10111101100010111111000011100010
01100110110100010011011000111010
11001100110101101010111000010010
10010101101000010000011000110110
10110111011010001101000001111110
01001000110101100000101101011001
01101101100000000010111100111110
00000011110100101001000010011110
00100001001010111001110011111111
11001111000111011011001111011010
11011011110111110000011010101011
00001111110011010011011101010011
01101011001101100000000011001100
11000111011010001000001001111110
11101101110101100101011011110110
11011110011100100110111001110100
11100000001001100110010100110111
11010000100110011110001111001000
00101100111010011010111000001100
11001000001100100011110001010110
00001111001110010110001000011010
00010100000100110101010000111101
10110000010001001001000010001001
10110000101100000110101101100011
01111001000101100110011001010010
10100111101001011001101010110100
10100100000111001111110110101111
01000000010001000010001100010011
11010001101010000001000111000111
01110100010011101110001100101110
01110111100111111101010010111100
00010001010000101011100111110100
00100000101011011100010101010000
10110100010100000101110001110011
01100111111101011100011001111101
01011100110010111001111001010011
01001101101111001111010110111000
01001010111000101100101001110011
01110110011111010011011101000011
01001010111100000101100101001010
10000000101100110011001011011011
00011110111011011000000011111100
00111111010110110011001111101111
00000000000011000010000101011101
01000011111010010111000010000000
01101010011111001010011001100110
00101011110101101010000001101010
10100110001011111001110111000111
00101111010100111111011101001001
00000000110101111000100011111110
11010111100110110011000011100000
01001001010010110111101111101000
01101010100100101001110000001110
00000100101010101100011110011110
00110110010101000001101101100100
11101100100100111001000010001101
10100011010110010101110111110000
00110001110111000000001111001100
11110010101110001001000011010110
11011101111101110000111010000101
10110110101101101010001111111101
00000101001011001111011101001111
00001101101110010110000101011101
01011110010000101110010000100000
11101111011111110001101000100100
10000011010011101011000110011110
10001011011001001000010110111101
01010100000111011110101001001001
00000111110011000100100011100000
10110001010100110010001001101100
00100000111101111110110001011101
10110001101101010010100010000001
00100001011010010100101111010011
01001000000101100110100101001011
11001100111100011101010001010111
10011111000111111111000110010010
11100001111000011110111100111010
10100101010111010000001010000110
00101100111100010111010100011110
01010101110101011001101001101001
11101100110100001111111010101001
00110000101000001011011101011010
11111111110000111111011101000001
10111101001010011110001100100000
01010110011111111101001000010001
00001011101001010110110011000010
10000101010111110100000000101100
01101100111011000000011100111000
01010100110000010001010000001001
10110111101011110110110100110111
00100101010110010101100111111011
01011011011111111111011110101100
00101001011110100000000001100100
01110110001111000001101001000011
00101000101001010100000010001011
00001000110111001101101010000001
10101100110111000010110111100111
00110001001101110011011010010100
00001001110111010110100111010101
00111000000100000011000111101111
01001000111110010011000111101000
10011111010101111101110010100110
01001011001011000101010010100010
01010100101111010011011011011001
00000100011111100011011000000010
10000100001001010001111001001011
10111110010000111100111110011000
01111001010101011100110001111011
01100100101100011000010000011011
10110101110100110110101111001101
01001100100110001000100011101101
10000001110010011100000110001000
10111000111110000110111100001010
10000111001110011111111101011100
10111011111011011001111011100011
01111110001101001111101011111110
01100110000001011011001101101100
00011101000001011111001101110011
00001010101010001100110001111100
10011001011001110100100100000100
01000011001000000111001010111000
10000111001111100110011111111111
00100000111011001011111100110110
10110100000001000010101110110001
01111010000101101101000010010001
00010010010010101110000101001101
10011001100110110110001010111100
01111011100000101010100100010101
00100111111000101001110100101000
01010010011001011011111101001000
01111111011001000110000110111010
11100110011111110001100110010111
00010010101001000011100000110110
11110101000011110111100010111000
00000100111100101101101010001111
10001010100011110100011100001101
10101010100110001010010110100001
01010000011011110000100011110111
11111111101010011000001100100011
00010011010000000101101010111011
10100101100110111011101010001101
10101010010100101010011000011111
11001110101111000111001101000000
10110110110000101000011010101100
11000100000101001010111010111101
10111000011111110110000010101100
10000011101001100100110111110001
00011011001111011111100110000001
10011101101001011100001100111001
11000010011001101001001111001100
00011011010000101101011110011011
10001001110011001101001001100111
00101000100001100011011001101001
11100111011111111110001100111000
00100010110101000101010010000110
10000010111000010000011011001000
01011110010101100110100001011100
01111100011000100001110001000001
01111011100111101001101001110100
10100001111010101101011001000000
10010111000101001011010000111011
00011110110010101000010000111110
11111011011100001001110100111011
01000110110000010110000100001010
00000101000001010001010111110110
11011110100011001100001001101011
01100100111101100111011000101010
00010011110000111000100000001011
11010010101000010000100011000101
11101001001000011000110100010000
10010101100001010000101011100000
01111001101001001000001000000100
00110110000000101110000000100100
00010111000011001101110001000111
11001110110011101001101111001111
10101101110011100111011011001000
11011100111010010000001110011010
00111000111010001011100101011111
11111101010010001100111001011010
10111001100100010000110010100100
10110110010010011001001111100011
00010000101111100110011100001100
01101000111010110010010010010010
01011110111000101111011010101001
01000001000001111001100101110010
11010110110010100000100100110010
00100100010100001110100001110111
01100010000011100110110011000111
11111100110001101010011011001110
01100000101100011100010100010100
01010111000010000100000110110101
11000010111000101010101011111001
11111010011110100101100010010001
00010001110110101011001000101011
01110100101110101101101101110101
11011101010100010000000000011000
00001011101001110010111101010100
10011010000110010001001010011000
10001111111100101011010111101111
01110010001111101101011100100010
11000101000111001101010000101111
01110001011111000001110011010101
10010100100010100100000001001100
11000110111110110001010000101101
01010111000010010000111010011110
01101111000100101000111101000001
10100100100110100010011000010100
00101101010010111111010111000100
01000111101001010010111100110100
01110010010101111011010100001010
10000001111000101000011010011011
00110011000111010010110111011000
00010111010000001010111110010001
00011000110010000110111110000011
10100110010001111010011110101100
11101000000010111011011101010000
11000100110100011001001011001001
01010111101100000111111101100101
00000101001101111100000101010001
11010111100000110001000111001001
10100001101011110001010000101111
01100101001011110011111011000011
11111010010111110101001010000010
01001001011111110101001110101101
11000000001101011101010100010011
01000010101100110001111001100010
11110001101100010100010000010010
11101010010101010100110011110111
01001011111101001011101101000001
00110011001100001111010011000010
11010110001101101111111010011110
11111010111101010110110010100111
10001000100010000101001011101010
10100010010000001100010110110111
00110111101101000011000000100101
11001010010100010001011000101111
10000011111011100000011001100100
10101000110110011001010101110110
01111101110111110100101001011011
11100110001010110001110100010011
11001000000000001000000111111111
01011010001111000111010110110000
01001000110111110110100001000110
00010100111001000110111001100110
10001101001010000000100010001001
00111001000010010110000111101001
11110011111000010010000010100100
00110000110011101100110111000001
11011001000000011111000010001010
00001001101100100110100111100110
10010000000011110010101000100000
00110001000101010011101110110011
01111101001000100011001001111111
00010100000000000101001111100000
11110000110111000100110011011001
10101110011100011000100111110100
01011101101001011101100101011111
00100110110001000010101101101010
11010100001101101100110011010011
11101110001010100010010011111011
00110111111101101101110001000110
01110100001011110010110100010111
11010101110100010011101011100111
00111100110010011100001111100100
10110001101110001110101111001101
10011110110110110111111111011000
11000110111001000000010110001111
01001111010000111101010001100010
01101010101000011010111010011001
10011010001101100000110100011110
10000110000101111011000011000010
01010101000110110001110000011110
01111100010011100111011110011110
11011101011001010101001001001111
11101110110100110111000100011111
11100100111100100011010101110000
10001100000011100011000011000101
00010101101100101110111101101001
11110100001001100000100001111010
11001001100111001101110100100110
00111010010010001101011110100110
00010010110001110010101011011001
01001011000010000101100100010111
00010111011001001111110001110100
11001001011010001010001011010100
01111111011010000010001110111000
11011101001100110111111111111110
01011010111101111000001110100011
01100001001110001111111000001111
10011000001001111110000001110010
11100011001001010110001010001001
01000110111001101111100010011101
10010111110111101110101110101001
10010001101000111101101010111100
00101100011100111011011001110110
00110100010001011010110100010110
10010000101001110101010011110100
00101011011010010100011100110011
01010101111000111010000111000010
01001110110000111101001101000110
10000001110100111110000000101000
11111111110101011001000001000111
00001111110111111101101100001110
11011100100111000010110110111110
10101111010111001101101111000000
00010010001111111001000111001101
11111011111010100001101011010001
10110110000100011010001011100000
01010110000110010111010110011001
01100111100100010010110000011111
00011001000011001100110001110110
11111011000111001010001011010111
01101001001001010100111001001100
00000001111110100110001001100101
10001001011100001100010100111111
01001011011010011010000001011110
01111111010010101011000000011001
11110111011100011011010010000000
00001011010011001101001011000110
11100100011100011010100001000010
10101111001000001110011110100000
11001111010011101010001101000101
11100100111001101000110100000101
01011000101011010011011101000001
00010100101110010011100000101101
11100010001001011111010001110110
10111100110011001001001011001010
10001001100101111110010101011111
00100110001001001101011011011001
01110111011001100110011011101110
01111001000110101110000100001000
11110010001001000101011011010011
01100010010101110011101100001001
01000111010011011111000011100100
10100010011111101001110011111101
01100110101001111110011110110111
11110111111101100011011101101000
10011010000010101101011000000101
11101011110100111001111000001100
01100001010010100000011000110101
11111111100000010011010011011001
00100001001100011011110011000000
01010001111101110011100010111010
00101100111111111011000000100110
10110111111100111011011111000100
01101101000000011010111100111001
00011111100101101101000100000100
10010011011111110100011010000111
01100001110100000010001010011111
11011001110000011110010010010011
11101001000010110111010000101001
00000011110101011010011000101111
11001110110010011111110111111110
01111101101111011000101101010001
11111100011010100001101101000111
10100111010011010011110111010011
10111110010111110101010101101010
01110100110100001100010001111110
01010000101000101110111100001100
10101101011100100001000001101100
00010100101111110010001111011101
11110100101101000011010000010011
10101001000001100111001110110000
00000101100000011000011101101011
01111101011110000011011000110011
00010111101010110011110101100000
11000111010111100000000001011110
00001000111100111111011000101101
01000000011110000110101001001111
01110110001010001011101001011000
11101001101000101011011100010001
01111011011101111100001101100101
00000011110100111010011000111101
11000101011111011011110010110010
01000001100111110111010000100001
11000111101100000110111110001101
01100101111101000110100110001010
11000000010110100100001111000000
11001110001101110011011111010100
01000001010100110001110111110110
10001010001010011001010101111110
01110010111001010110010111010000
01000011100100101010010001111101
11011100000011100010010100110111
01011100001110011000111010011110
11001000010000101100110000000101
11011110110001001101011100100100
01101100101001001111011100000101
00110000010111001101111111110001
10100101111111101000111111100010
00010111000010010110111011011101
00100001011000101110110001011010
10111101100100000101010111001101
01111011011111111010011001001101
11011000110110101010000101110010
10110000111110101000111101111011
11111011110000111000100111010011
10010000110110100100100101101101
01011111011100100010110100001011
01010010100001110011101000011111
11101011010111001011010110100001
01001101101011010011010111000010
10011101100101001000111010011011
10011101100111111011110011111101
00001000011001101011101111011100
10110111011111011001001110011011
11000011010100000100110100011010
11000010011000111111100100001110
10110010011001000011010001111000
01000010011001011001100101010000
00100111011110000001111011110111
01000111110000101101111011001011
10001111111100000011010110001011
01101010000000100110000010000100
11000110011000100111101001101111
10100100100111010000000000110111
10110011101101110000011010010111
01110101000100000100011100101000
11111011100101110010011011111101
10100000001110011011011001101011
00111110001110100011011110101011
11001001001000011010001110101111
00100001110010111011100010001010
01010111011001101111001101001100
11010001001011011001010110100110
10010000101001110000111010100111
11110111001001101011110101010101
01101110110010110110010110001100
11010010011000111110011000011100
11111000010010011110111111101110
00001001010100100011100100111011
11100000000111110110101001101111
11100000000001001100001111110000
01001010111111011100111000111110
10111000010010011001111000110101
11100110101111110101111100100101
00000010011111011111000110010011
11010010010101100011110100011000
01100000110000000110101000101011
00101001010010000000000100010111
11111010110101100101100010000110
01101001000000100110000110110010
01010010101000011010101011010110
10011100011110010111110010000101
11101111110111010010011011001110
01110110001111100000100111100111
01111010101011101111001111010011
00011110111100100100110011010110
11010010110010111100101001000100
10100100011010000011100101101010
01111100110000100111101110010001
01111110101100110110100110011011
10100101011000001001000011111110
11100001011000100011101111000010
11001011010010001000010111001010
10111001111100000000010101011100
11110001001101110110100110100110
10111011010011111110000111011100
00010100101001111101101001011001
00010011111000111011001000010001
01100100010100110010011111001100
11010010011001001100001110011011
11010001001010010110110010110000
00010010101111010111000010101000
11001111100110010011011001011110
01000110111101000100110101100000
01010010011010110101011100111001
11101101001000000101000100000001
01110001001010111101011110111111
10010011001011101101010010110001
10101010110001011110000000101100
01111101101000011100101111001011
01100011000110011101011101110010
11001100001100101111000111110010
00011011101100101110111111111100
10101101010000001011100000011110
01100010001000100010101101111101
01110000010100100101111110101100
11110010100001000101111100001001
00000010010001111011000000001111
10110000011000001111101011000000
00001011100010101111111010101000
00011011110111010100101010000001
11100010101111101010101011100011
00001001000010110011010001000000
10100010000000110111011110110101
00100011101001101011010110100010
01110001001000111101111000101010
00100011010101001110001110101001
10000011110011010111010001100010
00010111100110010000101000010011
01001001000110111101011111010010
00100010100001101110001000110111
11111001001101010101011111000010
10111000000110100110010010010110
01001100111101100110111001011111
11101010001011101110100111010000
00111010111010100011001010100000
11101110101000111001000001001111
01100011100111100101101010011001
10011110100101111101101110100101
00111111001011100010110011101111
01101101110000111100001000011010
10011001101111100101100000000100
00111000100001011101101011000100
00010111000000010100000111100010
00010010011101010110100111101110
11111001000111001110110110101011
11100100111111001101000101000110
11010100110010010100010010110111
00110101111111010100001011000100
01001000111110110101001011101110
11000001001110100111010011000101
01100000100101111110010100011100
00111101111000000101000011100001
10100100010100100010101011000111
10000001000010010001111110110100
00001011101000011010111001100000
11101100101011001011110001010111
01000010001110010100100100010000
11101010000001101010110110011101
00100011100010100010110001010101
00001100101110000101100110100000
10101011100000100111001000111100
10100001100111011011011101110111
00001000010001010111010100000010
11001110000100000011100000001010
01101100111010100010110101011101
11110010100101110111101010110011
11101001110100111110110110111010
11011100010111011000110011000011
10111110001010101010101100100100
11010111010000110111100110100001
11100011001000111101010110110011
11000110001010100000001111101100
00110010101011111111011001011000
01100100101111110101001101000100
10001101111100011111100001001111
10111101110100010010010111010100
11111010001010110011011001110110
11001100100010101110010101111100
00101011010000011010100001011000
00100001001001001001001001010110
10110110001110110101010010110001
10110000011001100011011101100111
11111100111111101111101100101111
10010111011001010110011011111100
01100101011101111010100100011101
01110111110111000000011111111100
00110011111011111010110111000101
10001011100101001011010111011000
11001011010111100000010100111000
11011110110011100101010110110011
10110001000101111000010111100000
01001000101011100010010001001010
01100101100111010110010101000110
00001000000000101111100010010110
11010001001001100011001010110110
10111011000110110011111011110111
11101000111010001110011001000000
11110011000000010000111101011001
01011110110011011101011111100110
00001101010001110001111110111100
00111111111111011101110010010010
00010111110101001101000010000111
01011011100010010000101111101010
00010110110100100110011001001011
01111010110011001010100011111010
00111101011000100010010011110111
11110101101000011101100101010000
11001000110001111010011110000100
10111110100000010111111010011101
01001010010000010011101100101110
11001100111011101111110001001000
11010100010010011011110110001011
11001101111100000110110100010110
10001100111110100100101100110111
10001010011111100001001101000101
01111101001111011000101011111001
10101101111101000100110110010111
10110010111000111101100111110000
10000100010101111111010100010011
11111011001000011111001101000101
10100110101111110010000000101100
11000010101110011101100001000110
00011110011100111001111100011110
00110110011111011110010111010011
01001011111101100001110100010001
10000100011011011111111100010111
11000000001110110011001101101001
10111000011001101010000101000011
11111111110101000010110010011100
01011011111111111000000111000111
01101110100000011001110001110001
00111100011010000000010101010100
10011001000100011110001001111011
01100100000010001000011111011100
11011001000101001001001010100001
00111111101010100001000100000100
01010010010011001110001001101111
01011010110011011011011000101110
01101001011001111100001111110011
01000110001101000100001110101011
11110101110001010111111100111110
11000110110000111110001001000101
01101000000100101011000100101000
00111111001100110011101001100110
10000000010110101011011100000111
10010001110111100001111001101101
10111010111010101001000001111100
00010101100110010000111110100001
01101100101110011000001110110011
10101111010110101101001100011000
00101110000011001101110001011000
01001011011010100111100110111110
10100001001100000101011001010100
01000101100110010111111101111110
10101110000111000000001000000100
01011011100111000000000111110100
00011011010111011110101010001000
11001101001110111000011001001100
00110010010010000011001010011101
00100011100100111001100000110110
10011011010010101000001111110000
11011101010001100100001011001001
11010101111101100011111001001101
10100111011101010001110011110101
01101110110101001101000011100100
10111100010101010011011001010000
01000110000010000101001110000011
01100111111111100011111011110111
10100111100110101100011111100011
11111010001011101011111101101101
11101000101001111001000010110101
00100010000010011101110101010101
10000001010010111001000011000001
01111000100110011101110100011100
00100000010001110000111000111010
00010101011001111010011010100011
11110111110101010101011001111001
00110001100001111000000011011101
11010110110010100000011001100010
00000111110011100000100100110111
00001100001000000111101001110101
11000010111111000100111001010110
01101010100110101011111000001101
00101010000000100100000000110001
01110100101011110110101110010001
00001011111000001111000111000010
10001001111100001110011011110111
10010100000100101000011010101001
11000001000110111110110011100111
00000011100001111111010001010000
00111001110111011000100011101010
10001010001110010100001110011100
10011011011000010000010010001111
11110111011110110111010000101011
00001010110111000011011100111111
10110101010011000011100011100110
11010111000101101011111111010001
10100100100111010100110110111110
01100110010110110100111011000111
10100000010111101000101111101100
01000111010011001110011011001010
00010000011100001010010111110111
10010101010111010110111011110100
11100010100000001111111001111010
11011001000010101001111011001011
10010101001100001011010110000000
10110010001111111101101010100110
01101000111111001000110100101010
10011011000110101010101101001101
00001101001010101010000111111110
00010010101010101010011011001001
01100111100111101110101000110110
11110000011001000111010011001000
10100001101000110000111100110010
01011111101011111001101110000001
11010100000011111001110001000111
00011110100000101010001000001000
11110111001101111101101100001000
10110100101011010000000110111010
11011000110111001010110000110101
10101110100010011100111011011010
10101110111100111011101001010101
00011001011010110110010010110010
00001011010001000010111001001000
00001011110110001110101111110011
01111111001011001100011111011010
10011100011111111011011110100000
10110010000101100010010100011110
11101110110011010000000011000110
10110010010100100011101000001111
01001000100010100111011010111100
01011100001100001100110011010010
10011001111111010011000010101111
00011010100111101100100110000110
10000110110111110110101011111001
00011111110010101101100101010011
01000010001101100010001110100011
10001011001110001110001110001111
00110001101111101101101111101111
11000111101001110100001110101111
00100101110001001100101001000011
00001001010110011110110111010110
01100011001101010010000100101010
01010000011010101101010111010111
10010010010000010111001001100110
11110101011000011101110011000000
00011001100101000100100011000110
11101000110101010000001001101010
10101110010110010001111010100011
10001110110000001001010101011110
11011001100011100100101111100010
00100110110011111010010001111011
11110100100000110011110011000001
10110101011011100101100000110100
00001011110001111100010000111010
01001010011011100011001001000100
11101011010000111101100100000011
10011010010000011010110101110110
11100000011001111101010100011110
10111000010000101010001100001110
00010110001101001001101001010101
11100011100011011111101001010000
11100111100110110000110100011001
01101101100010110000101011110000
00111100110110100100000000101011
00110100111110100010000010100100
11001000011101000000011001000110
00011001101011010101001110111111
11100011000000001010101011000101
10110110110100011000111001011101
10010001001010000011001100001110
00000011111000100110011011011011
00111110101111110101110010101101
01111000101001010001000110000100
10000100100010101101101010101000
01001100110100111011100011001111
10001111000100010001010000000001
01110011110101101100100101011101
00110001011000100101111011101101
10100101111101000011011110000101
11001110011101100101001111110110
01011101011110001000010011101000
00010011000010111110000110011000
10011111010001100101110111001001
11100001110001001110100011110000
11000100000101010100000000101001
01101000011101011011100010000111
01001100001110101101111111101110
00000011110010101011100000011010
10111000110110100100101011010101
01010110001100011011100100010010
00101001001101100000101001100100
10001110111000011111000010101000
00010011111000111011110110100100
01001011111111110011001100000010
00110110010001010000000000111111
11100000101001111001010110011011
10101001111110101111001001000100
01011010000111101100010110111110
11110001110000100101110010110111
11110111000100010001101111011010
00000101110011011111001101010100
11000110001110111001010110100000
11010100100001011001011010000100
00110001000110001100110001111110
01100101000111101010001010010010
01101101011001001111000010111101
00000100010101101011111001010111
00001010011011010001100001001001
00000110101000100000110110010001
01010101010110101000010110001100
11011011111111101010111100100001
10101000110101000101100110010110
11101011111011101110010100111111
00000100111110100100111110000000
10100110100000111011110011100101
01001110111011111100011001011000
00001011110101010101001101010101
10111110010010011001101111110110
00111100000100101000011000010110
01000001000110101001110000111100
00010000111001011011010101101101
10111100100101010011111010001000
01011100110101111101011010010001
00011101010100001100000000101010
00001000111010111110100110001111
01010000010101111000110010000000
11010010000011010011101110010101
10011001000010101011101011011010
11100100000011010101010110100001
00000000011011111111111010001101
10110001011110000001110100110111
00101001110001111111111101101011
11001001110001100000011001011000
10111100001101011010000011011111
01010101111100100001110000000000
10001001011110100011100011111100
00011011010010000000011100110100
01000000110011101110010101001001
11101000111000100110011010001101
11101111100001000011011100110001
00000111111000110111000010010000
00000101110001110001101110010101
01000100000100010000001100111110
01010111000000110011011010110111
00110110100110000010111101010001
11101100111111101111000101010000
00011000010011010101010110011000
00001011011100010100010000101010
11000100000000010111011101111010
01100111011101000001010000101111
00010101000110101101111011110000
11000011000010100110010011010001
00010000011000111110001111100110
00100011000101000011000000011011
01010000000110001111010100010011
10010001100111111001001011001111
11100010001010101001110110110000
01001100101111100101100011110110
10110100001110110011000101101101
10001101101110110111111110001111
10111011001111100111001111000100
01100011110000000101011111001001
01100111001110110000100110101101
10011010111011011101100111001000
01000101000010100110111110101001
01000011111001110110011011001101
00111111011100001010000111010111
01100011100111010100111100011010
10010100010110110110101110110011
11100001101010110011111110001100
11001111000100110100000010000011
00100000100000111010010101000000
10111100110011110110100101001110
11000010110110011000100111011100
00111001000101100111101111001010
11010000110011010110111110011111
10010011001110101001000100000011
01010010110011110100010110100011
10011000101011101001100111101111
00100101000110000100101101100110
01010110010011100101001111111101
01111001100111111010011100101111
11101100100100110111001110101100
01110100110010101100010110110000
01010110100000111101000110011101
01010001010011010110100011000001
11010110001010001111110000110001
11110101101000001111100001100101
11110000000101101111111110000011
01111010101101000111111111100101
10010011111101110100010010011100
11010111100010101111111010010100
00100111101100100011010100111110
11110111110010001011001100000111
00101101011010001001001011110011
11110001101111000000111010111011
01001101010110011110110000011111
11001011101110101011000010100111
00010010001000101001100010101111
10110101111000101101101101110111
11100101100011011101100011110110
00100101000100010000100000111011
10010000000011000001101000101100
00000011110100101000011100011001
10001111111011111101011011010111
00111011001001110110001000000000
01000110011000110101011000100101
11110101111001101111110111001110
01111100110110100111001010111110
01110101111100101110110111110011
11100000111101111111101100000000
10100100101101111100101100010110
11011110010011100010111110101110
01011101100000010010111110101001
00100101000001111110011111110011
10010010011101000101000000101100
00000111110001011101000010101101
00010110000111001001101101101011
10101000010100001011110100011110
00110101001111101100010010000110
00010001110000100000111011101101
10011111000100110011100101100110
00001100100011111101110001011000
10110100000110111001110011001010
11010011001111111001111101010101
01011011111101011111000000000111
00111011100010010100011001100101
